105467327
105467327
105692644
105692644
109718409
109718409
111014687
111014687
115225582
115225582
116240727
116240727
118836957
118836957
133281354
133281354
133751963
133751963
135133126
135133126
135414222
135414222
135430559
135430559
135974088
135974088
137675861
137675861
137953630
137953630
138002084
138002084
140437707
140437707
140487021
140487021
140821697
140821697
147684154
147684154
151482615
151482615
153128510
153128510
155347329
155347329
157427387
157427387
172340115
172340115
173543012
173543012
176641116
176641116
176795362
176795362
180169898
180169898
182968006
182968006
187527349
187527349
187558178
187558178
201981684
201981684
202269891
202269891
220794470
220794470
220796001
220796001
220838437
220838437
220841154
220841154
220981589
220981589
221006429
221006429
221242046
221242046
221250318
221250318
221319339
221319339
221341609
221341609
221343373
221343373
221371278
221371278
221373274
221373274
221422291
221422291
221452863
221452863
221768046
221768046
221844317
221844317
221950624
221950624
222128976
222128976
222155805
222155805
222345135
222345135
222406204
222406204
222575438
222575438
222732621
222732621
222826543
222826543
222869228
222869228
222889058
222889058
222957175
222957175
223025801
223025801
223068172
223068172
223180719
223180719
223202239
223202239
223255763
223255763
223263027
223263027
223385761
223385761
223584606
223584606
223586868
223586868
223680346
223680346
223686500
223686500
223687712
223687712
223715648
223715648
223801015
223801015
224101365
224101365
224174159
224174159
224188635
224188635
224520781
224520781
224555731
224555731
224824342
224824342
224876366
224876366
224877373
224877373
224877631
224877631
224942918
224942918
224987668
224987668
225047525
225047525
225112755
225112755
225215732
225215732
225229646
225229646
225425711
225425711
225492359
225492359
225496674
225496674
225808960
225808960
226003849
226003849
226127798
226127798
227033054
227033054
227364183
227364183
227417433
227417433
227813319
227813319
227877998
227877998
228342046
228342046
228344600
228344600
228514713
228514713
228523794
228523794
228554905
228554905
228570006
228570006
228644838
228644838
228984032
228984032
229003686
229003686
229090755
229090755
229644627
229644627
229696759
229696759
229724553
229724553
229764081
229764081
229768532
229768532
229890965
229890965
229945512
229945512
229998592
229998592
230005026
230005026
230058711
230058711
230193120
230193120
230298378
230298378
230314980
230314980
230570482
230570482
230776181
230776181
230955269
230955269
230989484
230989484
231034413
231034413
231101789
231101789
231114139
231114139
231338554
231338554
231356915
231356915
231403439
231403439
231405303
231405303
231542574
231542574
231585134
231585134
231710585
231710585
232102347
232102347
232147067
232147067
232307521
232307521
232362984
232362984
232447978
232447978
232451363
232451363
232723280
232723280
232740726
232740726
232764051
232764051
232795781
232795781
233006288
233006288
233029770
233029770
233058268
233169719
233169719
233490398
233490398
233515923
233515923
233521951
233521951
233530213
233530213
233892529
233892529
233929484
233929484
233946325
233946325
234016647
234016647
234038700
234038700
234054494
234054494
234399728
234399728
234460627
234460627
234526912
234526912
235018386
235018386
235114735
235114735
235297464
235297464
235360937
235360937
235421050
235421050
235429009
235429009
236072351
236072351
236235683
236235683
236329151
236329151
236390017
236390017
236438540
236438540
237027482
237027482
237184440
237184440
237504250
237504250
237613114
237613114
238072299
238072299
238310827
238310827
238394824
238394824
238617047
238617047
238749626
238749626
238994211
238994211
238998419
238998419
239003073
239003073
239066327
239066327
239116678
239116678
239417331
239417331
239449528
239449528
239574656
239574656
239677210
239677210
239689902
239689902
240236318
240236318
240618296
240618296
241165330
241165330
241444495
241444495
241838561
241838561
242129157
242129157
242144917
242144917
243085083
243085083
243492398
243492398
243814521
243814521
245635720
245635720
246579760
246579760
246654720
246654720
246688624
246688624
247096814
247096814
247719489
247719489
247741300
247741300
247768715
247768715
248253034
248253034
248414155
248414155
248582597
248582597
248650602
248650602
248707659
248707659
248810623
248810623
248927150
248927150
248965572
248965572
248993630
248993630
249135867
249135867
249180558
249180558
249303216
249303216
249328116
249328116
249360205
249360205
249377209
249377209
249675590
249675590
249732289
249732289
249739069
249739069
249893771
249893771
250031082
250031082
250075831
250075831
250144711
250144711
250182540
250182540
250227153
250227153
250250914
250250914
250546258
250546258
250626652
250626652
250686857
250686857
250762431
250762431
251041481
251041481
251096789
251096789
251524610
251524610
251720424
251728587
251728587
251959074
251959074
252077010
252077010
252095090
252095090
252233942
252233942
252350507
252350507
252369476
252369476
252373896
252373896
252551799
252551799
252587978
252587978
252598118
252598118
252942209
252942209
254211324
254211324
254441376
254441376
254459622
254459622
254462226
254462226
254537020
254537020
254553940
254553940
254800184
254800184
255052742
255052742
255062787
255062787
255162950
255162950
255402903
255402903
255446043
255446043
255510177
255510177
255626560
255626560
255664906
255664906
255679536
255679536
255700286
255700286
255752345
255752345
255824992
255824992
256454440
256454440
256604039
256604039
256626163
256626163
256683637
256683637
256839594
256839594
256865873
256865873
256884790
256884790
257103111
257103111
257171844
257171844
257356183
257356183
257420975
257420975
257472820
257472820
257974925
257974925
257997482
257997482
258005838
258005838
258491688
258491688
258522095
258522095
258834869
258834869
258854023
258854023
259318253
259318253
259631459
259631459
259830073
259830073
259969573
259969573
259979113
259979113
260076163
260076163
260103379
260103379
260168077
260168077
260454723
260454723
260461222
260461222
260588326
260588326
260854163
260854163
261011845
261011845
261024115
261024115
261279025
261279025
261312807
261312807
261331560
261356327
261356327
261396585
261396585
261501451
261501451
261521609
261521609
261601125
261601125
261623976
261623976
261634074
261634074
261790745
261790745
261797506
261797506
261802610
261802610
261818153
261818153
261956805
261956805
262040859
262040859
262052824
262052824
262239552
262239552
262278527
262278527
262586063
262586063
262623844
262623844
262810492
262810492
262837427
262837427
262927822
262927822
263159750
263159750
263245520
263245520
263328482
263328482
263409536
263409536
263456566
263456566
263613296
263613296
263705660
263705660
263829708
263829708
263834514
263834514
263891510
264006402
264006402
264084347
264084347
264094626
264094626
264180700
264180700
264187304
264187304
264321705
264321705
264640807
264640807
264874010
264874010
264910150
265518041
265518041
266436919
266644245
266644245
266919108
266919108
267030487
267030487
267220720
267220720
267306382
267306382
267309992
267309992
267382936
267382936
267535038
267535038
267544558
267544558
267602352
267879960
267879960
268213854
268213854
268369420
268369420
268478269
268711175
268711175
268730949
268730949
268872926
268872926
269068106
269286336
269286336
269748651
269804299
269804299
269975713
269975713
270333591
270333591
270398722
270398722
270768116
270768116
270949086
270949086
271005270
271005270
271704511
271704511
272570081
272570081
273034295
273034295
274662454
274662454
274786793
274786793
274804583
274804583
275196678
275196678
275365962
275365962
275414357
275414357
275524923
275524923
275874881
275874881
275889480
275889480
275894879
275894879
276528085
276528085
277412376
277412376
277976852
277976852
278120690
278120690
278435201
278625800
278625800
278764389
278764389
279129200
279129200
279305758
279305758
279676536
279676536
279702965
279702965
279985442
279985442
280243772
280243772
280770960
280770960
280841185
280841185
281334195
281334195
282051498
282051498
282084530
282177095
282177095
282775084
282775084
283233447
283233447
283367681
283367681
283646379
283646379
283894265
283894265
283949073
283949073
284321276
284321276
284742996
284742996
285068576
285068576
285389963
285389963
285944806
285944806
286273531
286273531
286341770
286341770
287285862
287285862
287336647
287336647
287457581
287457581
287495110
287495110
287814979
287814979
287889510
287889510
288043036
288043036
288185116
288185116
289570254
289570254
290679353
290679353
291223062
291223062
293755821
293755821
293961326
293961326
294870038
294870038
295402528
295402528
297575220
297575220
297800848
297800848
298395517
298395517
298397420
298397420
298717660
298717660
298948679
298948679
299493284
299493284
299587705
299587705
299944227
299944227
300129858
300129858
300457125
300457125
300915514
300915514
301243781
301243781
301355686
301355686
301438262
301438262
301465302
301465302
302529972
302529972
302631437
302631437
303011610
303011610
304008626
304008626
304313232
304313232
304463808
304463808
304480833
304480833
304919709
304919709
305385
305385568
305385568
305687163
305687163
305847291
305847291
305939032
305939032
306090518
306090518
306416605
306416605
306900030
306900030
306906605
306906605
306913948
306913948
307959474
307959474
308032379
308032379
308481690
308481690
308802573
308802573
309604963
309604963
310096195
310096195
313643818
313643818
315311667
315311667
315703828
315703828
316607723
316607723
317398730
317398730
317698162
317698162
317704675
317704675
318133315
318133315
318482949
318482949
318781217
319200994
319200994
319242992
319242992
319357600
319357600
319744184
319744184
320437294
320437294
321159209
321159209
321576439
321576439
321739614
321739614
322097276
322097276
323306699
323306699
323775533
323775533
324817111
324817111
324874045
324874045
325638063
325638063
326376919
326376919
326705749
326705749
327265014
327265014
327407756
327407756
327489755
327489755
327706184
327706184
328488424
328488424
329760004
329760004
329959708
329959708
330742617
330742617
331155357
331155357
331181190
331181190
332767057
332767057
332841968
332841968
333445671
333445671
333505118
333505118
333517388
333517388
334769143
334769143
334991832
334991832
335202068
335202068
336746825
336746825
336819408
336819408
337261490
337261490
337630839
337630839
338189827
338189827
338319097
338319097
338749529
338749529
341619426
341619426
342800862
342800862
342916050
342916050
343715619
343715619
344236373
344236373
344720770
344720770
346092758
346092758
346893344
346893344
346948537
346948537
347586279
347586279
347730747
347730747
348203425
348203425
348204399
348204399
348958475
348958475
351139966
351139966
352397113
352397113
356184851
356184851
356838799
356838799
357198356
357198356
357277416
357277416
357871262
357871262
358135702
358135702
358247977
358247977
359889838
362039825
362039825
363082225
363082225
364143139
364143139
369011516
369011516
369015611
369015611
373463880
373463880
374669676
374669676
376711691
376711691
377288247
377867813
377908864
377908864
382056073
382982994
384765998
386208515
386208515
386978581
386978581
387564517
387564517
387779377
387779377
389364476
389364476
390025242
390025242
391165097
391165097
391630823
391630823
391996733
391996733
392197819
392595876
392595876
394138642
394965728
394965728
395980496
395980496
398725691
400224435
400353461
400353461
401615509
405686597
405686597
405719408
405719408
408132626
408132626
411527467
411527467
411618652
411618652
413361679
413361679
414956181
414956181
415762007
416482445
416482445
422250943
422250943
427269317
427269317
429486074
429486074
429842592
429842592
430088553
430088553
431479245
431479245
432672656
432672656
432891803
432891803
435335840
435335840
435932414
437076991
437076991
439225549
439225549
439279191
439279191
442266863
442266863
447550830
451573629
452554465
452554465
452756458
453768052
453768052
454270920
454270920
458227832
458227832
463105469
463105469
464171833
465773632
465773632
466006587
467682105
467682105
469770855
469770855
470177475
470177475
471323089
471323089
472132624
473648847
474179575
476582627
476582627
476632962
477538664
481193606
484772715
484772715
486154486
488107170
488107170
500540272
500540272
507209554
507209554
516350628
516350628
517267935
517267935
517515088
517515088
601534154
601534154
726047331
726047331
732208669
732208669
732218400
732218400
735037833
735037833
752589377
752589377
